
     0.249      0.658      0.101       0.32 
     0.658      0.433      0.642       0.99 
     0.101      0.642     0.0286      0.682 
      0.32       0.99      0.682      0.655 

     0.249      0.658     -0.262     -0.209 
     0.658      0.433      -1.09     -0.464 
     0.101      0.642     -0.404      -0.55 
      0.32       0.99     -0.931     -0.164 

     0.249      0.772      0.354 
     0.772      0.658      0.944 
     0.354      0.944      0.101 

     0.249      0.772      0.354 
     0.772      0.658      0.944 
    -0.491      -1.31     -0.141 

     0.249      0.658      0.101       0.32 
     0.658      0.433      0.642       0.99 
     0.101      0.642     0.0286      0.682 
      0.32       0.99      0.682      0.655 

    -0.625   8.89e-12  -1.01e-17          0 
  8.89e-12      -0.41   2.65e-23  -9.12e-11 
 -5.88e-17  -4.67e-17      0.188  -2.45e-12 
 -5.52e-17  -9.12e-11  -2.45e-12       2.21 

     0.429     -0.022      0.843      0.323 
    -0.762     -0.179      0.152      0.603 
     0.405      -0.74     -0.373      0.386 
     0.266      0.648     -0.356      0.619 

    -0.625   8.89e-12   4.16e-17  -2.91e-16 
  8.89e-12      -0.41  -1.39e-17  -9.12e-11 
  6.25e-17   6.94e-18      0.188  -2.45e-12 
 -3.89e-16  -9.12e-11  -2.45e-12       2.21 
VT*A*V == D: True
A == V*D*VT: True
VT*V == I: True
V*VT == I: True
V = 

     0.429     -0.022      0.843      0.323 
    -0.762     -0.179      0.152      0.603 
     0.405      -0.74     -0.373      0.386 
     0.266      0.648     -0.356      0.619 
D = 

    -0.625   8.89e-12   4.16e-17  -2.91e-16 
  8.89e-12      -0.41  -1.39e-17  -9.12e-11 
  6.25e-17   6.94e-18      0.188  -2.45e-12 
 -3.89e-16  -9.12e-11  -2.45e-12       2.21 
rmax = 10, dr = 0.3
B:
