
     0.249      0.658      0.101       0.32 
     0.658      0.433      0.642       0.99 
     0.101      0.642     0.0286      0.682 
      0.32       0.99      0.682      0.655 

     0.249      0.658     -0.262     -0.209 
     0.658      0.433      -1.09     -0.464 
     0.101      0.642     -0.404      -0.55 
      0.32       0.99     -0.931     -0.164 

     0.249      0.772      0.354 
     0.772      0.658      0.944 
     0.354      0.944      0.101 

     0.249      0.772      0.354 
     0.772      0.658      0.944 
    -0.491      -1.31     -0.141 

     0.249      0.658      0.101       0.32 
     0.658      0.433      0.642       0.99 
     0.101      0.642     0.0286      0.682 
      0.32       0.99      0.682      0.655 

    -0.625   8.89e-12  -1.01e-17          0 
  8.89e-12      -0.41   2.65e-23  -9.12e-11 
 -5.88e-17  -4.67e-17      0.188  -2.45e-12 
 -5.52e-17  -9.12e-11  -2.45e-12       2.21 

     0.429     -0.022      0.843      0.323 
    -0.762     -0.179      0.152      0.603 
     0.405      -0.74     -0.373      0.386 
     0.266      0.648     -0.356      0.619 

    -0.625   8.89e-12   4.16e-17  -2.91e-16 
  8.89e-12      -0.41  -1.39e-17  -9.12e-11 
  6.25e-17   6.94e-18      0.188  -2.45e-12 
 -3.89e-16  -9.12e-11  -2.45e-12       2.21 
VT*A*V == D: True
A == V*D*VT: True
VT*V == I: True
V*VT == I: True
V = 

     0.429     -0.022      0.843      0.323 
    -0.762     -0.179      0.152      0.603 
     0.405      -0.74     -0.373      0.386 
     0.266      0.648     -0.356      0.619 
D = 

    -0.625   8.89e-12   4.16e-17  -2.91e-16 
  8.89e-12      -0.41  -1.39e-17  -9.12e-11 
  6.25e-17   6.94e-18      0.188  -2.45e-12 
 -3.89e-16  -9.12e-11  -2.45e-12       2.21 
rmax = 10, dr = 0.3
B:
Energies:
-0.489228337557276
-0.111120223040718
0.0962838611508521
0.411758523247283
0.829649428107668
1.34204659871703
1.94242954986353
2.62434574233733
3.38099976683011
4.20512916947626
5.08898542001485
6.02436085081452
7.00263909823434
8.01485921770412
9.05178855491603
10.1040015712601
11.1619628258149
12.2161128499604
13.2569559866413
14.2751495391854
15.2615938712124
16.20752350327
17.1045998795235
17.945007525165
18.7215571417763
19.4278024760417
20.0581838580641
20.6082226555548
21.0748123893277
21.4566946398153
21.7553135207438
21.9768167832611
